%YAML:1.0
R: !!opencv-matrix
   rows: 3
   cols: 3
   dt: d
   data: [ 9.9995660103637496e-01, 1.6053458467359166e-03,
       -9.1770860567170660e-03, -1.6097074793683696e-03,
       9.9999859495115329e-01, -4.6790762981903139e-04,
       9.1763220088926997e-03, 4.8265974717711432e-04,
       9.9995778018572246e-01 ]
T: !!opencv-matrix
   rows: 3
   cols: 1
   dt: d
   data: [ -3.0199623030654563e+00, -4.1967860088047687e-04,
       -3.0431163661540871e-02 ]
R1: !!opencv-matrix
   rows: 3
   cols: 3
   dt: d
   data: [ 9.9999806619913001e-01, 1.7490885980519270e-03,
       8.9904787212872692e-04, -1.7488788279711365e-03,
       9.9999844331865173e-01, -2.3405793742525729e-04,
       -8.9945586066730778e-04, 2.3248515901493094e-04,
       9.9999956846480964e-01 ]
R2: !!opencv-matrix
   rows: 3
   cols: 3
   dt: d
   data: [ 9.9994922457185487e-01, 1.3896110262425615e-04,
       1.0076158392863523e-02, -1.4131161088534226e-04,
       9.9999996297281701e-01, 2.3256266500684328e-04,
       -1.0076125702607405e-02, -2.3397473471197333e-04,
       9.9994920718336922e-01 ]
P1: !!opencv-matrix
   rows: 3
   cols: 4
   dt: d
   data: [ 5.0061413803812161e+02, 0., 6.2991712188720703e+02, 0., 0.,
       5.0061413803812161e+02, 3.4096758270263672e+02, 0., 0., 0., 1.,
       0. ]
P2: !!opencv-matrix
   rows: 3
   cols: 4
   dt: d
   data: [ 5.0061413803812161e+02, 0., 6.2991712188720703e+02,
       -1.5119125932659754e+03, 0., 5.0061413803812161e+02,
       3.4096758270263672e+02, 0., 0., 0., 1., 0. ]
Q: !!opencv-matrix
   rows: 4
   cols: 4
   dt: d
   data: [ 1., 0., 0., -6.2991712188720703e+02, 0., 1., 0.,
       -3.4096758270263672e+02, 0., 0., 0., 5.0061413803812161e+02, 0.,
       0., 3.3111314785513773e-01, 0. ]
