%YAML:1.0
M1: !!opencv-matrix
   rows: 3
   cols: 3
   dt: d
   data: [ 6.7535418446728329e+02, 0., 6.3511442428710791e+02, 0.,
       6.7603263224987199e+02, 3.5413704787248599e+02, 0., 0., 1. ]
D1: !!opencv-matrix
   rows: 1
   cols: 14
   dt: d
   data: [ -1.5134521524170236e-01, -1.8687585672788252e-02, 0., 0., 0.,
       0., 0., -4.6563989711438096e-02, 0., 0., 0., 0., 0., 0. ]
M2: !!opencv-matrix
   rows: 3
   cols: 3
   dt: d
   data: [ 6.7535418446728329e+02, 0., 6.3837625309711655e+02, 0.,
       6.7603263224987199e+02, 3.3081529188115633e+02, 0., 0., 1. ]
D2: !!opencv-matrix
   rows: 1
   cols: 14
   dt: d
   data: [ -1.7935548334907497e-01, 4.4867465255730668e-02, 0., 0., 0.,
       0., 0., 7.4218843041623673e-03, 0., 0., 0., 0., 0., 0. ]
